# ACF parameters
alpha <- 0.8
dT <- 1/60
N <- 1800