# ACF parameters
alpha <- 0.8
dt <- 1/60
N <- 1800
